0 0.232222 0.276899 0.171111 0.395570
0 0.474444 0.367089 0.122222 0.265823
0 0.617778 0.436709 0.137778 0.310127
0 0.723333 0.194620 0.108889 0.262658
0 0.660000 0.150316 0.093333 0.193038
0 0.026667 0.125000 0.048889 0.098101
0 0.095556 0.091772 0.048889 0.094937
0 0.125556 0.125000 0.046667 0.085443
0 0.141111 0.240506 0.068889 0.139241
0 0.341111 0.218354 0.060000 0.126582
0 0.080000 0.422468 0.151111 0.325949
0 0.558889 0.147152 0.055556 0.098101
0 0.558889 0.213608 0.051111 0.091772
0 0.916667 0.159810 0.068889 0.148734