0 0.342222 0.192000 0.177778 0.288000
0 0.816667 0.276000 0.180000 0.312000
0 0.024444 0.169333 0.044444 0.082667
0 0.064444 0.042667 0.040000 0.064000
0 0.124444 0.161333 0.031111 0.056000
0 0.151111 0.174667 0.031111 0.056000
0 0.102222 0.336000 0.044444 0.080000
0 0.047778 0.513333 0.051111 0.082667
0 0.594444 0.356000 0.042222 0.072000
0 0.692222 0.496000 0.064444 0.106667
0 0.665556 0.050667 0.042222 0.069333
0 0.743333 0.372000 0.042222 0.061333
0 0.970000 0.230667 0.051111 0.077333
0 0.514444 0.072000 0.042222 0.064000