0 0.083333 0.115254 0.060000 0.128814
0 0.150000 0.318644 0.086667 0.196610
0 0.054444 0.547458 0.091111 0.220339
0 0.193333 0.527119 0.093333 0.206780
0 0.276667 0.761017 0.166667 0.383051
0 0.172222 0.154237 0.073333 0.145763
0 0.258889 0.138983 0.064444 0.135593
0 0.230000 0.355932 0.086667 0.216949
0 0.335556 0.349153 0.084444 0.189831
0 0.425556 0.422034 0.077778 0.186441
0 0.508889 0.405085 0.088889 0.233898
0 0.365556 0.188136 0.064444 0.145763
0 0.312222 0.086441 0.055556 0.105085
0 0.400000 0.174576 0.066667 0.132203
0 0.384444 0.077966 0.048889 0.101695
0 0.540000 0.157627 0.057778 0.118644
0 0.580000 0.247458 0.071111 0.149153
0 0.700000 0.416949 0.062222 0.149153
0 0.695556 0.093220 0.057778 0.125424
0 0.808889 0.166102 0.062222 0.122034
0 0.890000 0.364407 0.086667 0.200000
0 0.886667 0.172881 0.057778 0.135593
0 0.767778 0.045763 0.042222 0.077966