0 0.375278 0.287798 0.175947 0.336870
0 0.161470 0.448276 0.064588 0.106101
0 0.956570 0.586207 0.069042 0.116711
0 0.719376 0.562334 0.062361 0.111406
0 0.664811 0.519894 0.064588 0.106101
0 0.655902 0.452255 0.055679 0.087533
0 0.879733 0.484085 0.062361 0.092838
0 0.755011 0.502653 0.057906 0.098143
0 0.500000 0.346154 0.028953 0.045093
0 0.560134 0.392573 0.051225 0.074271
0 0.073497 0.641910 0.080178 0.127321
0 0.949889 0.457560 0.055679 0.087533
0 0.614699 0.449602 0.048998 0.071618
0 0.652561 0.388594 0.031180 0.045093
0 0.808463 0.460212 0.057906 0.087533
0 0.912027 0.529178 0.055679 0.087533
0 0.831849 0.517241 0.069042 0.095491
0 0.894209 0.421751 0.046771 0.063660
0 0.908686 0.377984 0.035635 0.050398
0 0.726058 0.396552 0.026726 0.039788
0 0.908686 0.592838 0.057906 0.092838