0 0.096667 0.140992 0.117778 0.214099
0 0.098889 0.471279 0.113333 0.190601
0 0.094444 0.810705 0.108889 0.211488
0 0.294444 0.138381 0.117778 0.198433
0 0.297778 0.483029 0.128889 0.229765
0 0.295556 0.802872 0.120000 0.195822
0 0.498889 0.143603 0.122222 0.203655
0 0.501111 0.468668 0.122222 0.211488
0 0.501111 0.810705 0.117778 0.206266
0 0.698889 0.156658 0.108889 0.214099
0 0.704444 0.467363 0.120000 0.208877
0 0.700000 0.813316 0.115556 0.216710
0 0.903333 0.150131 0.122222 0.211488
0 0.908889 0.480418 0.115556 0.208877
0 0.898889 0.822454 0.144444 0.266319